0,3.65462,1.80598,517,1
1,0.573669,1.00476,402,1
2,1.2257,0.856494,426,1
3,0.789624,0.870925,417,1
4,1.02295,0.953927,435,1
5,1.06899,0.946481,410,1
6,2.8201,1.75512,443,1
7,2.19273,1.19371,475,1
8,0.833726,0.967012,393,1
9,1.58767,0.98954,409,1
10,0.946653,0.927839,437,1
11,3.58115,1.87774,506,1
12,0.552772,0.980814,424,1
13,2.1248,1.01982,447,1
14,2.88121,1.20986,471,1
15,3.95278,2.6537,720,1
16,2.4136,1.83296,468,1
17,3.86481,1.59916,511,1
18,2.77231,1.85085,463,1
19,4.75555,0.752827,525,1
20,1.87021,0.530825,394,1
21,1.76598,1.01916,386,1
22,1.59273,0.403813,392,1
23,1.87784,0.474547,384,1
24,1.64144,0.126232,403,1
25,1.68065,0.230441,396,1
26,1.99944,0.530199,391,1
27,1.79141,0.208236,387,1
28,2.19417,0.849449,387,1
29,2.21291,1.21416,389,1
30,1.77519,0.254433,394,1
31,1.63647,0.277761,392,1
32,2.2022,0.641266,355,1
33,3.0893,1.11567,391,1
34,2.42182,0.700799,361,1
35,3.12466,1.24232,359,1
36,4.54479,1.56323,373,1
37,2.20389,0.929111,395,1
38,2.9847,1.38973,466,1
39,1.62239,1.18658,465,1
40,1.55085,1.0031,502,1
41,0.245162,0.999992,445,1
42,1.43098,0.939543,524,1
43,1.49825,1.00528,530,1
44,0.759653,1.01981,482,1
45,2.20044,0.969546,445,1
46,0.406879,1.27305,484,1
47,1.96571,1.13584,429,1
48,0.784761,1.0457,503,1
49,0.458541,1.21277,447,1
50,1.71247,1.01186,430,1
51,0.760899,1.09256,434,1
52,0.290432,0.968841,400,1
53,1.76797,1.52917,501,1
54,1.3449,1.51884,390,1
55,1.91358,1.25621,547,1
56,0.57955,1.22401,528,1
57,0.370538,0.96357,415,1
58,0.339559,0.613246,438,1
59,0.274837,0.657341,410,1
60,0.226157,0.713261,436,1
61,0.614624,0.785296,466,1
62,0.261562,0.66005,416,1
63,0.451022,0.702655,444,1
64,0.489411,1.19681,401,1
65,0.214461,0.783478,449,1
66,0.262321,0.649013,401,1
67,0.824761,0.37379,442,1
68,0.235668,0.748693,436,1
69,0.814388,0.663218,478,1
70,1.10044,1.74072,480,1
71,1.55489,1.77233,522,1
72,1.87495,1.53379,429,1
73,0.861498,0.63375,460,1
74,1.07968,2.49948,416,1
75,1.97323,1.96573,719,1
76,3.2155,0.924138,391,1
77,1.19224,0.553986,517,1
78,1.12685,0.536297,485,1
79,1.29632,0.580946,577,1
80,1.03697,0.5122,490,1
81,1.40348,0.56674,539,1
82,1.13403,0.527088,496,1
83,1.09693,0.508504,533,1
84,1.23295,0.534163,453,1
85,2.5041,0.604088,409,1
86,2.02393,0.216621,465,1
87,1.19552,0.463547,538,1
88,1.15212,0.610776,484,1
89,1.38466,0.538922,561,1
90,1.52028,1.62911,498,1
91,1.97226,1.81636,572,1
92,1.07763,1.77356,475,1
93,1.92494,0.554349,635,1
94,0.902229,1.63551,461,1
95,1.62412,0.62189,543,1
96,0.586378,0.570551,415,1
97,0.840008,0.304574,446,1
98,0.900597,0.478941,410,1
99,1.0867,0.275481,444,1
100,0.888278,0.467005,404,1
101,0.946474,0.463245,401,1
102,0.81572,0.507541,399,1
103,1.56897,0.614906,432,1
104,1.43109,0.392921,411,1
105,1.43661,0.772543,425,1
106,0.816692,0.158051,405,1
107,1.17706,0.300191,400,1
108,0.637422,0.444392,424,1
109,0.626776,0.576643,430,1
110,0.549972,0.932002,437,1
111,3.43032,2.90326,584,1
112,1.40179,0.721628,407,1
113,0.926405,0.486569,396,1
114,1.00465,0.627102,447,1
115,2.45033,1.77063,490,1
116,0.908572,0.498632,392,1
117,1.12201,0.216029,393,1
118,0.970191,0.197586,372,1
119,0.729413,0.741378,415,1
120,0.495129,0.106485,446,1
121,0.733162,0.242384,490,1
122,0.670957,0.819252,440,1
123,1.20103,0.407836,374,1
124,2.42864,1.61882,443,1
125,1.56897,0.412672,455,1
126,1.49833,0.598181,455,1
127,1.06001,0.905093,386,1
128,1.59769,0.445916,393,1
129,2.19168,1.35772,598,1
130,1.3,0.659446,478,1
131,3.27677,0.361276,418,1
132,1.77895,0.762899,433,1
133,2.5513,0.462965,471,1
134,0.839625,0.768725,416,1
135,1.21664,0.813685,490,1
136,0.270762,0.370418,440,1
137,0.2934,0.448285,430,1
138,0.412489,0.608909,430,1
139,0.353169,0.463837,435,1
140,0.342821,0.474554,417,1
141,0.722213,0.775969,416,1
142,1.06898,0.834723,547,1
143,1.18083,1.12386,461,1
144,0.328203,0.436217,443,1
145,0.350613,0.606128,446,1
146,0.744284,0.847636,427,1
147,0.348066,0.557633,464,1
148,0.114393,0.432727,430,1
149,1.93945,0.658294,553,1
150,1.09878,1.44182,483,1
151,2.03055,0.977347,460,1
152,0.434831,0.723563,468,1
153,0.408507,0.433463,432,1
154,0.845058,0.392039,427,1
155,0.251832,0.52327,425,1
156,0.664353,0.369908,419,1
157,0.697194,0.372152,416,1
158,0.712954,0.347754,417,1
159,0.696197,0.348177,419,1
160,1.40917,0.414532,495,1
161,0.841822,0.398411,415,1
162,0.255552,0.549337,428,1
163,1.44127,0.819793,478,1
164,1.39469,0.401355,698,1
165,0.927172,0.421842,417,1
166,1.7556,1.91564,497,1
167,0.983437,0.743906,551,1
168,2.46946,1.42205,389,1
169,0.71119,0.367119,478,1
170,2.7209,2.4595,520,1
171,2.31813,2.56351,876,1
172,0.780248,0.383549,401,1
173,0.27766,0.096575,453,1
174,0.526837,0.36452,422,1
175,0.479927,0.29491,435,1
176,0.265815,0.228656,453,1
177,0.257801,0.144557,465,1
178,0.243176,0.217798,462,1
179,0.28933,0.161859,442,1
180,1.16595,0.306707,491,1
181,0.928434,1.5789,462,1
182,1.11182,0.476455,515,1
183,0.508782,0.423264,442,1
184,1.43372,0.200816,509,1
185,1.2328,0.144237,513,1
186,2.29844,1.90729,513,1
187,0.705307,1.59486,463,1
188,1.67523,1.72935,570,1
189,0.535659,0.333985,407,1
190,1.35135,1.43094,488,1
191,0.779345,0.358497,536,1
192,0.427079,1.06721,489,1
193,0.819609,0.912948,552,1
194,0.456638,0.978396,430,1
195,1.18635,0.777375,482,1
196,0.383226,0.9666,454,1
197,0.863736,0.659557,617,1
198,0.383161,0.977726,442,1
199,1.57954,1.04858,475,1
200,1.15246,0.780471,451,1
201,1.11788,0.680823,530,1
202,0.838162,0.49621,515,1
203,0.398005,0.944428,433,1
204,0.910931,0.538661,515,1
205,1.53996,1.35372,594,1
206,1.79118,0.805391,415,1
207,2.24009,3.03267,748,1
208,0.745068,0.998727,395,1
209,1.43439,1.3611,488,1
210,1.38095,0.585209,415,1
211,1.09403,1.5964,575,1
212,0.5455,0.15068,440,1
213,0.616173,0.192153,440,1
214,0.609389,0.106603,433,1
215,0.59608,0.163469,414,1
216,0.623064,0.132965,417,1
217,0.65806,0.144207,443,1
218,0.725483,0.194461,499,1
219,0.781999,0.134407,430,1
220,1.72509,0.348716,441,1
221,0.910467,0.890054,428,1
222,0.625282,0.0716348,439,1
223,1.84689,0.336997,451,1
224,0.734509,0.241821,446,1
225,2.16952,1.61324,484,1
226,0.757471,0.286708,495,1
227,1.96224,0.524753,452,1
228,0.493124,0.286484,440,1
229,0.738798,0.250483,428,1
230,0.513228,1.43867,443,1
231,0.365193,0.136946,417,1
232,0.279392,0.134468,446,1
233,0.281996,0.139046,446,1
234,0.317631,0.148268,433,1
235,0.288571,0.264143,441,1
236,0.364309,0.125558,418,1
237,0.355561,0.193285,402,1
238,1.36718,0.275921,512,1
239,0.414482,0.268042,444,1
240,0.433557,0.155025,460,1
241,0.3425,0.260358,468,1
242,0.436988,0.198231,416,1
243,0.799897,0.396007,494,1
244,0.450551,0.882398,469,1
245,1.37497,0.421445,539,1
246,2.72557,2.35293,405,1
247,0.504465,0.0884251,381,1
248,0.533197,0.644963,503,1
249,0.447448,0.10766,394,1
250,0.787109,0.469374,440,1
251,0.617248,0.386808,422,1
252,1.39317,1.08085,516,1
253,0.344197,0.285649,440,1
254,0.687793,0.461049,446,1
255,0.355179,0.224182,444,1
256,1.66816,1.14288,509,1
257,0.564261,0.387126,444,1
258,1.1511,0.916245,446,1
259,0.935893,0.437367,457,1
260,0.993754,1.16796,507,1
261,0.756768,0.494812,448,1
262,0.63794,1.45885,450,1
263,2.41722,1.32718,600,1
264,2.24682,1.04545,437,1
265,1.5359,0.688202,456,1
266,0.649838,1.38767,444,1
267,1.36509,1.35482,458,1
268,1.17809,1.06585,435,1
269,0.391815,0.720545,705,1
270,0.741121,1.08592,689,1
271,0.535933,1.08579,746,1
272,0.479084,0.703915,693,1
273,0.358159,0.721889,705,1
274,0.470156,0.70326,681,1
275,0.358614,0.745577,695,1
276,0.961375,0.961325,416,1
277,0.801369,0.914148,520,1
278,0.674592,0.889168,604,1
279,0.720765,1.11502,737,1
280,0.708678,1.08319,718,1
281,0.349852,0.761401,691,1
282,1.22932,0.652327,455,1
283,1.18438,1.73174,668,1
284,1.9387,2.00457,469,1
285,1.51474,0.59889,408,1
286,0.75187,2.08991,656,1
287,0.390033,1.06234,514,1
288,0.378793,0.116722,404,1
289,0.170556,0.0602632,415,1
290,0.278928,0.0653205,406,1
291,0.170226,0.0455101,429,1
292,0.251552,0.0642497,410,1
293,0.186375,0.0385545,414,1
294,0.247151,0.0649775,413,1
295,0.72225,1.07486,426,1
296,0.312868,0.697362,404,1
297,1.76111,0.73131,451,1
298,0.823285,0.569901,446,1
299,0.527227,0.161129,401,1
300,0.945175,0.301873,447,1
301,0.711799,0.282818,454,1
302,2.21109,0.609325,426,1
303,0.89541,2.41694,416,1
304,1.48252,0.409922,415,1
305,1.618,0.189566,454,1
306,1.44092,0.702566,390,1
307,2.27231,1.45386,439,1
308,0.748481,0.302079,432,1
309,0.190197,0.137395,372,1
310,0.514023,0.314153,369,1
311,0.857218,0.230117,434,1
312,0.605062,0.286718,416,1
313,0.663989,0.274699,393,1
314,0.686448,0.469842,456,1
315,1.05396,0.529334,378,1
316,1.09433,0.882521,425,1
317,1.23544,0.434671,470,1
318,0.694317,0.558186,400,1
319,1.06003,0.477265,390,1
320,1.07133,0.133561,430,1
321,1.66717,1.45415,745,1
322,1.11234,0.336137,469,1
323,2.04952,0.406125,491,1
324,1.29268,0.191828,747,1
325,0.775212,0.256531,435,1
326,0.697695,0.423517,435,1
327,0.392063,0.25113,452,1
328,0.34853,0.258686,429,1
329,0.262445,0.26494,450,1
330,0.285854,0.266805,425,1
331,0.299226,0.256196,433,1
332,0.321812,0.270466,428,1
333,0.843141,0.299536,528,1
334,1.18999,0.41803,456,1
335,1.26769,0.888965,507,1
336,0.358229,0.285252,444,1
337,0.473594,0.511487,428,1
338,0.679629,0.494288,452,1
339,0.35112,0.464554,457,1
340,1.16975,0.275906,464,1
341,0.872992,0.406902,577,1
342,1.8333,0.952265,434,1
343,1.00582,0.887301,536,1
344,0.65963,0.772745,493,1
345,0.946263,0.247232,455,1
346,0.219144,0.272161,419,1
347,0.0972099,0.147255,404,1
348,0.181548,0.118255,497,1
349,0.17462,0.20867,538,1
350,0.161564,0.109499,410,1
351,0.0970421,0.112625,410,1
352,0.185047,0.177272,445,1
353,0.108149,0.181404,411,1
354,0.140879,0.107541,431,1
355,0.228653,0.267794,442,1
356,0.422902,0.167698,450,1
357,0.323255,0.295045,457,1
358,0.596952,0.286376,544,1
359,1.19485,1.72691,406,1
360,0.60165,0.191451,510,1
361,1.53627,0.526118,460,1
362,0.869713,0.709691,490,1
363,1.85383,1.63525,434,1
364,0.882378,0.379027,593,1
365,0.281892,0.161329,390,1
366,0.312536,0.0793062,402,1
367,0.524323,0.358713,435,1
368,0.23546,0.0906195,375,1
369,0.180715,0.0949017,374,1
370,0.238033,0.0621561,378,1
371,0.129335,0.187273,398,1
372,0.77387,0.237336,412,1
373,1.69963,1.02198,491,1
374,0.76124,0.315072,387,1
375,0.359247,0.136131,420,1
376,1.06024,0.425073,555,1
377,0.900824,0.68595,533,1
378,0.940709,1.06629,466,1
379,1.56733,2.62116,453,1
380,1.73007,1.26109,437,1
381,0.306755,0.516027,428,1
382,1.3255,1.6507,432,1
383,0.951762,1.00755,454,1
384,0.442354,0.20282,390,1
385,0.401483,0.302971,383,1
386,0.203345,0.103789,374,1
387,0.798623,0.320637,394,1
388,0.199678,0.118454,371,1
389,0.458925,0.166398,383,1
390,0.138834,0.118943,364,1
391,0.742596,0.477424,462,1
392,0.557139,0.25876,497,1
393,1.01289,1.14508,659,1
394,0.772692,0.505645,702,1
395,0.718772,0.271222,408,1
396,0.154694,0.201756,391,1
397,0.379944,0.179469,452,1
398,1.20669,0.864554,401,1
399,1.46112,1.90027,663,1
400,1.39306,0.492854,467,1
401,0.925962,0.269755,574,1
402,1.56685,0.675099,408,1
403,2.32866,0.937614,637,1
404,0.0897142,0.0947716,424,1
405,0.0973977,0.110637,471,1
406,0.143689,0.13136,453,1
407,0.106344,0.0815544,452,1
408,0.112133,0.0894335,418,1
409,0.0972594,0.0897194,471,1
410,0.601948,0.31393,508,1
411,0.125205,0.116743,485,1
412,0.750772,0.454302,424,1
413,0.135055,0.240559,450,1
414,0.117585,0.111106,488,1
415,0.0746881,0.0807991,513,1
416,0.636173,0.265765,427,1
417,0.459068,1.28737,442,1
418,0.575647,0.345667,453,1
419,1.11812,0.370965,391,1
420,0.510671,0.141945,555,1
421,0.871746,0.186645,598,1
422,0.715166,1.17569,571,1
423,0.267031,0.0720861,545,1
424,0.315928,0.0887807,575,1
425,0.375753,0.176184,578,1
426,0.0939205,0.125775,559,1
427,0.315041,0.0915287,597,1
428,0.304204,0.161284,584,1
429,0.426488,0.596612,660,1
430,0.682413,0.385111,489,1
431,1.03694,0.27222,431,1
432,0.345851,0.2357,545,1
433,0.415138,0.212177,562,1
434,0.511253,0.651313,626,1
435,0.222274,0.104827,562,1
436,1.15978,0.227305,650,1
437,0.459396,0.60202,481,1
438,0.893653,0.587387,592,1
439,0.421125,0.172241,620,1
440,0.750303,0.416383,609,1
441,0.503905,0.0602554,483,1
442,0.0535152,0.0784553,519,1
443,0.038685,0.0671792,520,1
444,0.107818,0.103632,511,1
445,0.0623371,0.0399121,518,1
446,0.148593,0.131975,513,1
447,0.16258,0.0354125,514,1
448,0.460954,0.128705,470,1
449,0.148617,0.230615,535,1
450,0.129291,0.0280391,487,1
451,0.307494,0.218918,436,1
452,0.407913,0.125572,430,1
453,0.212841,0.196429,557,1
454,0.319249,1.42778,534,1
455,0.606234,1.40392,445,1
456,1.59119,0.514327,414,1
457,0.956834,0.240459,440,1
458,0.582549,1.26324,527,1
459,2.14046,1.66968,419,1
460,0.310263,1.11261,544,1
461,0.0854493,0.0464588,429,1
462,0.0967961,0.055418,396,1
463,0.0690082,0.0805079,414,1
464,0.0806184,0.0518667,389,1
465,0.0877867,0.0576667,411,1
466,0.0895446,0.0569155,410,1
467,0.101642,0.0879968,438,1
468,0.142404,0.115758,437,1
469,0.712428,1.09539,506,1
470,0.133322,0.111049,650,1
471,0.10428,0.056402,513,1
472,0.548775,0.174469,445,1
473,0.395686,0.175525,478,1
474,1.48809,0.38643,437,1
475,0.892092,1.90082,505,1
476,0.299181,0.458053,597,1
477,1.41215,0.510645,392,1
478,0.426238,0.692024,586,1
479,0.304571,0.353224,547,1
480,0.505113,0.248296,493,1
481,0.239735,0.104248,428,1
482,0.334891,0.153199,422,1
483,0.166214,0.183209,405,1
484,0.192827,0.16492,409,1
485,0.129015,0.191535,405,1
486,0.40839,0.165762,449,1
487,0.430298,0.342565,454,1
488,0.259765,0.30048,441,1
489,0.542297,0.210158,442,1
490,0.179433,0.354279,512,1
491,0.53169,0.246159,515,1
492,0.0933331,0.11548,407,1
493,0.208351,0.235534,437,1
494,1.39207,0.699793,476,1
495,1.26865,2.82085,552,1
496,0.925758,0.479154,479,1
497,0.644788,0.307791,481,1
498,0.636932,0.204338,571,1
499,1.85301,1.57955,504,1
500,0.052834,0.124655,380,1
501,0.148561,0.10978,372,1
502,0.194552,0.127131,362,1
503,0.200881,0.256855,413,1
504,0.236982,0.105252,383,1
505,0.174099,0.0735376,370,1
506,0.502178,0.522034,408,1
507,0.213593,0.127823,382,1
508,0.504497,0.552651,489,1
509,0.541588,0.627506,488,1
510,0.253641,0.209213,394,1
511,0.501592,0.200159,394,1
512,0.538401,0.198742,422,1
513,0.879645,1.71429,489,1
514,0.409977,0.384923,506,1
515,1.11168,0.482651,490,1
516,0.283272,0.72123,578,1
517,0.538899,0.332642,458,1
518,0.501652,0.809861,421,1
519,0.113213,0.225403,411,1
520,0.0260985,0.134337,401,1
521,0.0298264,0.117712,409,1
522,0.19058,0.0799416,408,1
523,0.159238,0.0623628,406,1
524,0.144138,0.11479,388,1
525,0.0963159,0.211164,598,1
526,1.13208,0.373491,449,1
527,0.801486,0.28802,456,1
528,0.259582,0.143053,418,1
529,0.414774,0.155341,458,1
530,0.741494,0.360774,441,1
531,0.0770488,0.147726,415,1
532,0.344439,0.745184,514,1
533,0.460861,0.573361,462,1
534,2.27294,1.96002,477,1
535,0.946844,0.614747,465,1
536,0.156322,0.148353,503,1
537,0.670977,0.141814,433,1
538,0.195079,0.134565,420,1
539,0.249776,0.160425,383,1
540,0.158923,0.133196,378,1
541,0.222362,0.193952,387,1
542,0.225187,0.150672,369,1
543,0.0944396,0.0787634,381,1
544,0.647374,0.261138,455,1
545,0.300609,0.270925,466,1
546,0.114225,0.0656887,377,1
547,0.357932,0.277587,446,1
548,0.266766,0.198926,403,1
549,0.402188,0.315262,590,1
550,1.53232,0.948645,658,1
551,1.8353,1.9022,397,1
552,0.267285,0.272682,577,1
553,0.57291,0.328808,418,1
554,1.98594,1.39528,446,1
555,2.23409,1.32586,427,1
556,0.447781,0.409402,409,1
557,0.101618,0.0620458,371,1
558,0.0652934,0.0574933,371,1
559,0.266915,0.158569,433,1
560,0.182399,0.0539728,387,1
561,0.109073,0.0718373,392,1
562,0.14858,0.111849,382,1
563,0.371522,0.240088,391,1
564,0.623066,0.384983,378,1
565,0.554832,0.712154,400,1
566,1.00879,0.215934,489,1
567,0.24912,0.104407,408,1
568,0.636827,0.147488,386,1
569,0.46111,0.477715,398,1
570,1.52287,0.882733,480,1
571,2.12108,1.90591,465,1
572,1.93822,2.1605,603,1
573,2.07655,0.706078,469,1
574,0.91261,1.21276,656,1
575,0.313563,0.838519,494,1
576,0.144732,0.195975,478,1
577,0.0585172,0.0836361,430,1
578,0.0953104,0.0897689,410,1
579,0.0502607,0.160386,405,1
580,0.0552791,0.0880636,412,1
581,0.0397812,0.116489,403,1
582,0.102903,0.100904,421,1
583,0.149236,0.309406,439,1
584,0.0635646,0.183295,438,1
585,0.456641,0.186383,501,1
586,0.0922773,0.181113,467,1
587,0.576381,0.532903,460,1
588,0.184446,0.0695814,457,1
589,0.16957,0.179588,479,1
590,1.58041,1.21981,445,1
591,1.13004,2.3588,542,1
592,0.688547,0.486027,462,1
593,0.122371,0.175016,555,1
594,1.12622,1.08906,427,1
595,0.344638,0.192255,490,1
596,0.0747558,0.103513,402,1
597,0.111416,0.143872,392,1
598,0.104243,0.119588,391,1
599,0.0856007,0.0463589,404,1
600,0.0784368,0.0467174,371,1
601,0.0726358,0.0638159,395,1
602,0.262718,0.19638,457,1
603,0.133675,0.0373836,403,1
604,0.171916,0.0860945,524,1
605,0.143205,0.432063,484,1
606,0.127087,0.127981,406,1
607,0.726441,0.213986,521,1
608,0.224375,0.197623,471,1
609,0.422259,1.79679,485,1
610,0.0918036,0.16294,433,1
611,1.71755,1.17189,455,1
612,0.202065,0.123053,456,1
613,0.0896961,0.155431,557,1
614,0.82327,0.683979,499,1
615,0.19928,0.117383,411,1
616,0.230268,0.1108,410,1
617,0.294008,0.143166,446,1
618,0.231537,0.0924808,427,1
619,0.220155,0.0922073,422,1
620,0.196858,0.0838076,426,1
621,0.344562,0.117294,642,1
622,1.32399,0.174808,404,1
623,0.607051,0.286108,523,1
624,0.353722,0.126484,469,1
625,0.467207,0.234628,489,1
626,0.703603,0.567465,523,1
627,0.468689,0.21663,505,1
628,0.353896,0.564168,769,1
629,0.241683,0.346381,452,1
630,2.49251,1.80012,543,1
631,0.514394,0.590992,557,1
632,0.538867,0.339465,501,1
633,0.476474,0.207299,490,1
634,0.140537,0.16379,393,1
635,0.0358511,0.081367,387,1
636,0.0625651,0.119256,412,1
637,0.0870652,0.0900985,410,1
638,0.104232,0.107784,387,1
639,0.048494,0.0373993,386,1
640,0.367877,0.136943,435,1
641,0.043725,0.0891008,425,1
642,0.378397,0.168505,420,1
643,0.275573,0.32736,412,1
644,0.145359,0.262482,466,1
645,0.235251,0.286139,436,1
646,0.838494,0.816346,482,1
647,0.805892,1.74547,482,1
648,0.735818,0.773504,553,1
649,0.361685,0.344984,512,1
650,1.29781,1.36754,557,1
651,1.10586,1.02171,539,1
652,0.735536,1.20153,576,1
653,0.192228,0.106577,409,1
654,0.16231,0.0684358,407,1
655,0.140826,0.131286,427,1
656,0.15813,0.0764864,396,1
657,0.163946,0.0944206,397,1
658,0.159738,0.0908966,402,1
659,0.201195,0.0821765,401,1
660,0.718117,0.19989,423,1
661,0.704702,0.70079,571,1
662,0.549121,0.452304,477,1
663,0.121565,0.117867,432,1
664,0.514612,0.0800193,464,1
665,0.367568,0.251753,453,1
666,0.852918,0.981197,509,1
667,0.941787,2.05095,602,1
668,0.848765,1.45231,609,1
669,0.268803,0.755341,498,1
670,0.63257,1.47648,476,1
671,0.15285,0.237581,499,1
